#include "Image.h"
#include "Memory.h"
#include "newMath.h"
const UINT16 height = MaxHeight;
const UINT16 width = MaxWidth;

const float mask_gabor[MaskNumber][2 * WidthSquare + 1][2 * WidthSquare + 1] =
	{{
		 {-0.331447899341583, -0.412493616342545, -0.119106918573380, 0.366530716419220, 0.606530666351318, 0.366530716419220, -0.119106918573380, -0.412493616342545, -0.331447899341583},
		 {-0.412493586540222, -0.513356626033783, -0.148230955004692, 0.456154853105545, 0.754839599132538, 0.456154853105545, -0.148230955004692, -0.513356626033783, -0.412493586540222},
		 {-0.482253849506378, -0.600174665451050, -0.173299536108971, 0.533299088478088, 0.882496893405914, 0.533299088478088, -0.173299536108971, -0.600174665451050, -0.482253849506378},
		 {-0.529652237892151, -0.659162938594818, -0.190332308411598, 0.585714459419250, 0.969233214855194, 0.585714459419250, -0.190332308411598, -0.659162938594818, -0.529652237892151},
		 {-0.546465218067169, -0.680087029933929, -0.196374103426933, 0.604306995868683, 1.000000000000000, 0.604306995868683, -0.196374103426933, -0.680087029933929, -0.546465218067169},
		 {-0.529652237892151, -0.659162938594818, -0.190332308411598, 0.585714459419250, 0.969233214855194, 0.585714459419250, -0.190332308411598, -0.659162938594818, -0.529652237892151},
		 {-0.482253849506378, -0.600174665451050, -0.173299536108971, 0.533299088478088, 0.882496893405914, 0.533299088478088, -0.173299536108971, -0.600174665451050, -0.482253849506378},
		 {-0.412493586540222, -0.513356626033783, -0.148230955004692, 0.456154853105545, 0.754839599132538, 0.456154853105545, -0.148230955004692, -0.513356626033783, -0.412493586540222},
		 {-0.331447899341583, -0.412493616342545, -0.119106918573380, 0.366530716419220, 0.606530666351318, 0.366530716419220, -0.119106918573380, -0.412493616342545, -0.331447899341583},
	 },
	 {
		 {-0.260641425848007, -0.455074012279511, -0.287795752286911, 0.188046529889107, 0.569357991218567, 0.503810703754425, 0.072658702731133, -0.314451187849045, -0.366714864969254},
		 {-0.351508557796478, -0.558669924736023, -0.307431131601334, 0.294029504060745, 0.728699207305908, 0.591451704502106, 0.032085549086332, -0.426215529441834, -0.451420426368713},
		 {-0.439500272274017, -0.639121413230896, -0.297326087951660, 0.411245346069336, 0.868870198726654, 0.644565105438232, -0.030984343960881, -0.535214483737946, -0.517878413200378},
		 {-0.510313451290131, -0.681098937988281, -0.255822181701660, 0.522294104099274, 0.965484499931335, 0.650917470455170, -0.108994804322720, -0.623817622661591, -0.553521335124969},
		 {-0.550933063030243, -0.675783276557922, -0.188929498195648, 0.607576608657837, 1.000000000000000, 0.607576608657837, -0.188929498195648, -0.675783276557922, -0.550933063030243},
		 {-0.553521335124969, -0.623817622661591, -0.108994804322720, 0.650917470455170, 0.965484499931335, 0.522294104099274, -0.255822181701660, -0.681098937988281, -0.510313451290131},
		 {-0.517878413200378, -0.535214483737946, -0.030984343960881, 0.644565105438232, 0.868870198726654, 0.411245346069336, -0.297326087951660, -0.639121413230896, -0.439500272274017},
		 {-0.451420426368713, -0.426215529441834, 0.032085549086332, 0.591451704502106, 0.728699207305908, 0.294029504060745, -0.307431131601334, -0.558669924736023, -0.351508557796478},
		 {-0.366714864969254, -0.314451187849045, 0.072658702731133, 0.503810703754425, 0.569357991218567, 0.188046529889107, -0.287795752286911, -0.455074012279511, -0.260641425848007},
	 },
	 {
		 {-0.173307269811630, -0.448715358972549, -0.416056483983994, -0.005881647579372, 0.463724106550217, 0.578382372856140, 0.261557191610336, -0.165476575493813, -0.349130094051361},
		 {-0.282743602991104, -0.569607675075531, -0.436857819557190, 0.120247125625610, 0.653052866458893, 0.685993611812592, 0.219279706478119, -0.295345842838287, -0.452993899583817},
		 {-0.398850321769714, -0.658632159233093, -0.400496751070023, 0.285424113273621, 0.828925311565399, 0.737943768501282, 0.124323152005672, -0.439260274171829, -0.535027205944061},
		 {-0.499654471874237, -0.693216145038605, -0.305329263210297, 0.462965786457062, 0.954410672187805, 0.715322852134705, -0.012652380391955, -0.570878803730011, -0.575596392154694},
		 {-0.563306212425232, -0.662238478660584, -0.166585341095924, 0.617285966873169, 1.000000000000000, 0.617285966873169, -0.166585341095924, -0.662238478660584, -0.563306212425232},
		 {-0.575596392154694, -0.570878803730011, -0.012652380391955, 0.715322852134705, 0.954410672187805, 0.462965786457062, -0.305329263210297, -0.693216145038605, -0.499654471874237},
		 {-0.535027205944061, -0.439260274171829, 0.124323152005672, 0.737943768501282, 0.828925311565399, 0.285424113273621, -0.400496751070023, -0.658632159233093, -0.398850321769714},
		 {-0.452993899583817, -0.295345842838287, 0.219279706478119, 0.685993611812592, 0.653052866458893, 0.120247125625610, -0.436857819557190, -0.569607675075531, -0.282743602991104},
		 {-0.349130094051361, -0.165476575493813, 0.261557191610336, 0.578382372856140, 0.463724106550217, -0.005881647579372, -0.416056483983994, -0.448715358972549, -0.173307269811630},
	 },
	 {
		 {-0.085430033504963, -0.406626135110855, -0.496787637472153, -0.190710261464119, 0.305867910385132, 0.578022658824921, 0.417661547660828, 0.016564901918173, -0.269664853811264},
		 {-0.217453628778458, -0.556429088115692, -0.533506095409393, -0.051045812666416, 0.535734772682190, 0.729432582855225, 0.394914925098419, -0.126772195100784, -0.404503405094147},
		 {-0.366995722055435, -0.665509641170502, -0.482535153627396, 0.162153363227844, 0.765357077121735, 0.806997895240784, 0.284542173147202, -0.310519814491272, -0.521539449691772},
		 {-0.499705851078033, -0.698026895523071, -0.339110523462296, 0.409702897071838, 0.936517894268036, 0.776184737682343, 0.096839256584644, -0.496277064085007, -0.587537109851837},
		 {-0.580471038818359, -0.637630105018616, -0.129346802830696, 0.633136689662933, 1.000000000000000, 0.633136689662933, -0.129346802830696, -0.637630105018616, -0.580471038818359},
		 {-0.587537109851837, -0.496277064085007, 0.096839256584644, 0.776184737682343, 0.936517894268036, 0.409702897071838, -0.339110523462296, -0.698026895523071, -0.499705851078033},
		 {-0.521539449691772, -0.310519814491272, 0.284542173147202, 0.806997895240784, 0.765357077121735, 0.162153363227844, -0.482535153627396, -0.665509641170502, -0.366995722055435},
		 {-0.404503405094147, -0.126772195100784, 0.394914925098419, 0.729432582855225, 0.535734772682190, -0.051045812666416, -0.533506095409393, -0.556429088115692, -0.217453628778458},
		 {-0.269664853811264, 0.016564901918173, 0.417661547660828, 0.578022658824921, 0.305867910385132, -0.190710261464119, -0.496787637472153, -0.406626135110855, -0.085430033504963},
	 },
	 {
		 {-0.007841235958040, -0.344139099121094, -0.532081127166748, -0.347507566213608, 0.118603833019733, 0.502791404724121, 0.513735830783844, 0.202007398009300, -0.133822664618492},
		 {-0.163342908024788, -0.529829263687134, -0.599083304405212, -0.208480507135391, 0.388290077447891, 0.716854870319366, 0.539023876190186, 0.064512915909290, -0.300441920757294},
		 {-0.348214060068130, -0.665776193141937, -0.544794797897339, 0.046620767563581, 0.682308971881866, 0.846702218055725, 0.439257562160492, -0.151884406805038, -0.466755270957947},
		 {-0.510458648204803, -0.696679651737213, -0.357535630464554, 0.364117830991745, 0.912613630294800, 0.830734908580780, 0.216375634074211, -0.396971791982651, -0.579593241214752},
		 {-0.597214341163635, -0.599186480045319, -0.077338315546513, 0.654632270336151, 1.000000000000000, 0.654632270336151, -0.077338315546513, -0.599186480045319, -0.597214341163635},
		 {-0.579593241214752, -0.396971791982651, 0.216375634074211, 0.830734908580780, 0.912613630294800, 0.364117830991745, -0.357535630464554, -0.696679651737213, -0.510458648204803},
		 {-0.466755270957947, -0.151884406805038, 0.439257562160492, 0.846702218055725, 0.682308971881866, 0.046620767563581, -0.544794797897339, -0.665776193141937, -0.348214060068130},
		 {-0.300441920757294, 0.064512915909290, 0.539023876190186, 0.716854870319366, 0.388290077447891, -0.208480507135391, -0.599083304405212, -0.529829263687134, -0.163342908024788},
		 {-0.133822664618492, 0.202007398009300, 0.513735830783844, 0.502791404724121, 0.118603833019733, -0.347507566213608, -0.532081127166748, -0.344139099121094, -0.007841235958040},
	 },
	 {
		 {0.053720954805613, -0.275269925594330, -0.530453920364380, -0.465318173170090, -0.073634244501591, 0.365016520023346, 0.532068669795990, 0.355326026678085, 0.035574279725552},
		 {-0.125015646219254, -0.499315708875656, -0.638518750667572, -0.344439059495926, 0.224095672369003, 0.649693310260773, 0.633604407310486, 0.255675882101059, -0.146742120385170},
		 {-0.344700664281845, -0.664040207862854, -0.589534342288971, -0.057319715619087, 0.584915637969971, 0.854068875312805, 0.576707363128662, 0.028111906722188, -0.364618808031082},
		 {-0.529862284660339, -0.688842415809631, -0.360877871513367, 0.327465236186981, 0.883756875991821, 0.876353800296783, 0.341497302055359, -0.271990180015564, -0.541858077049255},
		 {-0.606343388557434, -0.543606817722321, -0.010964868590236, 0.681080400943756, 1.000000000000000, 0.681080400943756, -0.010964868590236, -0.543606817722321, -0.606343388557434},
		 {-0.541858077049255, -0.271990180015564, 0.341497302055359, 0.876353800296783, 0.883756875991821, 0.327465236186981, -0.360877871513367, -0.688842415809631, -0.529862284660339},
		 {-0.364618808031082, 0.028111906722188, 0.576707363128662, 0.854068875312805, 0.584915637969971, -0.057319715619087, -0.589534342288971, -0.664040207862854, -0.344700664281845},
		 {-0.146742120385170, 0.255675882101059, 0.633604407310486, 0.649693310260773, 0.224095672369003, -0.344439059495926, -0.638518750667572, -0.499315708875656, -0.125015646219254},
		 {0.035574279725552, 0.355326026678085, 0.532068669795990, 0.365016520023346, -0.073634244501591, -0.465318173170090, -0.530453920364380, -0.275269925594330, 0.053720954805613},
	 },
	 {
		 {0.097283609211445, -0.210888847708702, -0.503581345081329, -0.541337311267853, -0.249487444758415, 0.186266675591469, 0.469205439090729, 0.444243162870407, 0.201671212911606},
		 {-0.104844339191914, -0.472368925809860, -0.658371508121490, -0.455220103263855, 0.056379407644272, 0.535459220409393, 0.666139781475067, 0.419635295867920, 0.037286207079887},
		 {-0.356841892004013, -0.663156211376190, -0.619243144989014, -0.147142037749290, 0.478775829076767, 0.828535854816437, 0.685211718082428, 0.215340778231621, -0.216863602399826},
		 {-0.553747177124023, -0.672735512256622, -0.349192351102829, 0.300667971372604, 0.851195394992828, 0.910753428936005, 0.466475218534470, -0.123416773974895, -0.466219633817673},
		 {-0.599137902259827, -0.467667162418365, 0.068893022835255, 0.711600065231323, 1.000000000000000, 0.711600065231323, 0.068893022835255, -0.467667162418365, -0.599137902259827},
		 {-0.466219633817673, -0.123416773974895, 0.466475218534470, 0.910753428936005, 0.851195394992828, 0.300667971372604, -0.349192351102829, -0.672735512256622, -0.553747177124023},
		 {-0.216863602399826, 0.215340778231621, 0.685211718082428, 0.828535854816437, 0.478775829076767, -0.147142037749290, -0.619243144989014, -0.663156211376190, -0.356841892004013},
		 {0.037286207079887, 0.419635295867920, 0.666139781475067, 0.535459220409393, 0.056379407644272, -0.455220103263855, -0.658371508121490, -0.472368925809860, -0.104844339191914},
		 {0.201671212911606, 0.444243162870407, 0.469205439090729, 0.186266675591469, -0.249487444758415, -0.541337311267853, -0.503581345081329, -0.210888847708702, 0.097283609211445},
	 },
	 {
		 {0.122940249741077, -0.158327132463455, -0.463487207889557, -0.579393446445465, -0.393940448760986, -0.007684081792831, 0.336893677711487, 0.449052870273590, 0.323251128196716},
		 {-0.103790715336800, -0.454195678234100, -0.665451228618622, -0.540546536445618, -0.103459231555462, 0.386364370584488, 0.632204353809357, 0.530547976493835, 0.220972552895546},
		 {-0.383270680904388, -0.664075136184692, -0.636091530323029, -0.221476495265961, 0.369439572095871, 0.772041022777557, 0.754811763763428, 0.391430854797363, -0.035170212388039},
		 {-0.575769066810608, -0.645320177078247, -0.322293907403946, 0.284350812435150, 0.816296339035034, 0.932150900363922, 0.584612548351288, 0.042898163199425, -0.348798185586929},
		 {-0.566318333148956, -0.368997097015381, 0.160676077008247, 0.745134830474854, 1.000000000000000, 0.745134830474854, 0.160676077008247, -0.368997097015381, -0.566318333148956},
		 {-0.348798185586929, 0.042898163199425, 0.584612548351288, 0.932150900363922, 0.816296339035034, 0.284350812435150, -0.322293907403946, -0.645320177078247, -0.575769066810608},
		 {-0.035170212388039, 0.391430854797363, 0.754811763763428, 0.772041022777557, 0.369439572095871, -0.221476495265961, -0.636091530323029, -0.664075136184692, -0.383270680904388},
		 {0.220972552895546, 0.530547976493835, 0.632204353809357, 0.386364370584488, -0.103459231555462, -0.540546536445618, -0.665451228618622, -0.454195678234100, -0.103790715336800},
		 {0.323251128196716, 0.449052870273590, 0.336893677711487, -0.007684081792831, -0.393940448760986, -0.579393446445465, -0.463487207889557, -0.158327132463455, 0.122940249741077},
	 },
	 {
		 {0.131380170583725, -0.121900655329227, -0.420679628849030, -0.587570667266846, -0.499629676342011, -0.192327305674553, 0.158896908164024, 0.368670821189880, 0.367879450321198},
		 {-0.121900655329227, -0.447811126708984, -0.665804803371429, -0.602668404579163, -0.246953144669533, 0.217186391353607, 0.536412835121155, 0.569782853126526, 0.368670821189880},
		 {-0.420679628849030, -0.665804803371429, -0.641537189483643, -0.279834568500519, 0.261976718902588, 0.688767731189728, 0.778800785541534, 0.536412835121155, 0.158896908164024},
		 {-0.587570667266846, -0.602668404579163, -0.279834568500519, 0.278872758150101, 0.780476093292236, 0.939413070678711, 0.688767731189728, 0.217186391353607, -0.192327305674553},
		 {-0.499629676342011, -0.246953144669533, 0.261976718902588, 0.780476093292236, 1.000000000000000, 0.780476093292236, 0.261976718902588, -0.246953144669533, -0.499629676342011},
		 {-0.192327305674553, 0.217186391353607, 0.688767731189728, 0.939413070678711, 0.780476093292236, 0.278872758150101, -0.279834568500519, -0.602668404579163, -0.587570667266846},
		 {0.158896908164024, 0.536412835121155, 0.778800785541534, 0.688767731189728, 0.261976718902588, -0.279834568500519, -0.641537189483643, -0.665804803371429, -0.420679628849030},
		 {0.368670821189880, 0.569782853126526, 0.536412835121155, 0.217186391353607, -0.246953144669533, -0.602668404579163, -0.665804803371429, -0.447811126708984, -0.121900655329227},
		 {0.367879450321198, 0.368670821189880, 0.158896908164024, -0.192327305674553, -0.499629676342011, -0.587570667266846, -0.420679628849030, -0.121900655329227, 0.131380170583725},
	 },
	 {
		 {0.122940249741077, -0.103790923953056, -0.383270680904388, -0.575769126415253, -0.566318333148956, -0.348798125982285, -0.035170104354620, 0.220972642302513, 0.323251157999039},
		 {-0.158327132463455, -0.454195886850357, -0.664075195789337, -0.645320117473602, -0.368996977806091, 0.042898323386908, 0.391431003808975, 0.530548095703125, 0.449052900075912},
		 {-0.463487386703491, -0.665451288223267, -0.636091530323029, -0.322293907403946, 0.160676166415215, 0.584612607955933, 0.754811823368073, 0.632204413414001, 0.336893647909164},
		 {-0.579393446445465, -0.540546536445618, -0.221476331353188, 0.284350812435150, 0.745134890079498, 0.932150959968567, 0.772041022777557, 0.386364400386810, -0.007684082258493},
		 {-0.393940478563309, -0.103459239006042, 0.369439601898193, 0.816296339035034, 1.000000000000000, 0.816296339035034, 0.369439601898193, -0.103459239006042, -0.393940478563309},
		 {-0.007684082258493, 0.386364400386810, 0.772041022777557, 0.932150959968567, 0.745134890079498, 0.284350812435150, -0.221476331353188, -0.540546536445618, -0.579393446445465},
		 {0.336893647909164, 0.632204413414001, 0.754811823368073, 0.584612607955933, 0.160676166415215, -0.322293907403946, -0.636091530323029, -0.665451288223267, -0.463487386703491},
		 {0.449052900075912, 0.530548095703125, 0.391431003808975, 0.042898323386908, -0.368996977806091, -0.645320117473602, -0.664075195789337, -0.454195886850357, -0.158327132463455},
		 {0.323251157999039, 0.220972642302513, -0.035170104354620, -0.348798125982285, -0.566318333148956, -0.575769126415253, -0.383270680904388, -0.103790923953056, 0.122940249741077},
	 },
	 {
		 {0.097283609211445, -0.104844339191914, -0.356841892004013, -0.553747177124023, -0.599137902259827, -0.466219633817673, -0.216863602399826, 0.037286207079887, 0.201671212911606},
		 {-0.210888847708702, -0.472368925809860, -0.663156211376190, -0.672735512256622, -0.467667162418365, -0.123416773974895, 0.215340778231621, 0.419635295867920, 0.444243162870407},
		 {-0.503581345081329, -0.658371508121490, -0.619243144989014, -0.349192351102829, 0.068893022835255, 0.466475218534470, 0.685211718082428, 0.666139781475067, 0.469205439090729},
		 {-0.541337311267853, -0.455220103263855, -0.147142037749290, 0.300667971372604, 0.711600065231323, 0.910753428936005, 0.828535854816437, 0.535459220409393, 0.186266675591469},
		 {-0.249487444758415, 0.056379407644272, 0.478775829076767, 0.851195394992828, 1.000000000000000, 0.851195394992828, 0.478775829076767, 0.056379407644272, -0.249487444758415},
		 {0.186266675591469, 0.535459220409393, 0.828535854816437, 0.910753428936005, 0.711600065231323, 0.300667971372604, -0.147142037749290, -0.455220103263855, -0.541337311267853},
		 {0.469205439090729, 0.666139781475067, 0.685211718082428, 0.466475218534470, 0.068893022835255, -0.349192351102829, -0.619243144989014, -0.658371508121490, -0.503581345081329},
		 {0.444243162870407, 0.419635295867920, 0.215340778231621, -0.123416773974895, -0.467667162418365, -0.672735512256622, -0.663156211376190, -0.472368925809860, -0.210888847708702},
		 {0.201671212911606, 0.037286207079887, -0.216863602399826, -0.466219633817673, -0.599137902259827, -0.553747177124023, -0.356841892004013, -0.104844339191914, 0.097283609211445},
	 },
	 {
		 {0.053720958530903, -0.125015646219254, -0.344700664281845, -0.529862344264984, -0.606343388557434, -0.541858017444611, -0.364618629217148, -0.146742030978203, 0.035574439913034},
		 {-0.275269925594330, -0.499315917491913, -0.664040207862854, -0.688842415809631, -0.543606758117676, -0.271990031003952, 0.028112193569541, 0.255676090717316, 0.355326145887375},
		 {-0.530453920364380, -0.638518810272217, -0.589534401893616, -0.360877871513367, -0.010964774526656, 0.341497480869293, 0.576707482337952, 0.633604466915131, 0.532068669795990},
		 {-0.465318232774735, -0.344439059495926, -0.057319808751345, 0.327465236186981, 0.681080460548401, 0.876353859901428, 0.854068875312805, 0.649693310260773, 0.365016371011734},
		 {-0.073634371161461, 0.224095597863197, 0.584915518760681, 0.883756875991821, 1.000000000000000, 0.883756875991821, 0.584915518760681, 0.224095597863197, -0.073634371161461},
		 {0.365016371011734, 0.649693310260773, 0.854068875312805, 0.876353859901428, 0.681080460548401, 0.327465236186981, -0.057319808751345, -0.344439059495926, -0.465318232774735},
		 {0.532068669795990, 0.633604466915131, 0.576707482337952, 0.341497480869293, -0.010964774526656, -0.360877871513367, -0.589534401893616, -0.638518810272217, -0.530453920364380},
		 {0.355326145887375, 0.255676090717316, 0.028112193569541, -0.271990031003952, -0.543606758117676, -0.688842415809631, -0.664040207862854, -0.499315917491913, -0.275269925594330},
		 {0.035574439913034, -0.146742030978203, -0.364618629217148, -0.541858017444611, -0.606343388557434, -0.529862344264984, -0.344700664281845, -0.125015646219254, 0.053720958530903},
	 },
	 {
		 {-0.007841235958040, -0.163342908024788, -0.348214060068130, -0.510458648204803, -0.597214341163635, -0.579593241214752, -0.466755330562592, -0.300441920757294, -0.133822739124298},
		 {-0.344139099121094, -0.529829263687134, -0.665776193141937, -0.696679651737213, -0.599186480045319, -0.396971791982651, -0.151884540915489, 0.064512915909290, 0.202007353305817},
		 {-0.532081127166748, -0.599083244800568, -0.544794738292694, -0.357535630464554, -0.077338315546513, 0.216375544667244, 0.439257502555847, 0.539023876190186, 0.513735830783844},
		 {-0.347507566213608, -0.208480507135391, 0.046620767563581, 0.364117830991745, 0.654632270336151, 0.830734848976135, 0.846702218055725, 0.716854870319366, 0.502791464328766},
		 {0.118603900074959, 0.388290077447891, 0.682309031486511, 0.912613630294800, 1.000000000000000, 0.912613630294800, 0.682309031486511, 0.388290077447891, 0.118603900074959},
		 {0.502791464328766, 0.716854870319366, 0.846702218055725, 0.830734848976135, 0.654632270336151, 0.364117830991745, 0.046620767563581, -0.208480507135391, -0.347507566213608},
		 {0.513735830783844, 0.539023876190186, 0.439257502555847, 0.216375544667244, -0.077338315546513, -0.357535630464554, -0.544794738292694, -0.599083244800568, -0.532081127166748},
		 {0.202007353305817, 0.064512915909290, -0.151884540915489, -0.396971791982651, -0.599186480045319, -0.696679651737213, -0.665776193141937, -0.529829263687134, -0.344139099121094},
		 {-0.133822739124298, -0.300441920757294, -0.466755330562592, -0.579593241214752, -0.597214341163635, -0.510458648204803, -0.348214060068130, -0.163342908024788, -0.007841235958040},
	 },
	 {
		 {-0.085430026054382, -0.217453837394714, -0.366995722055435, -0.499706059694290, -0.580471038818359, -0.587537109851837, -0.521539449691772, -0.404503434896469, -0.269664883613586},
		 {-0.406626105308533, -0.556429088115692, -0.665509641170502, -0.698026895523071, -0.637630105018616, -0.496277064085007, -0.310519814491272, -0.126772254705429, 0.016564855352044},
		 {-0.496787637472153, -0.533506095409393, -0.482535153627396, -0.339110523462296, -0.129346802830696, 0.096839256584644, 0.284542083740234, 0.394914865493774, 0.417661488056183},
		 {-0.190710261464119, -0.051045812666416, 0.162153363227844, 0.409702897071838, 0.633136689662933, 0.776184678077698, 0.806997895240784, 0.729432582855225, 0.578022718429565},
		 {0.305867969989777, 0.535734832286835, 0.765357136726379, 0.936517894268036, 1.000000000000000, 0.936517894268036, 0.765357136726379, 0.535734832286835, 0.305867969989777},
		 {0.578022718429565, 0.729432582855225, 0.806997895240784, 0.776184678077698, 0.633136689662933, 0.409702897071838, 0.162153363227844, -0.051045812666416, -0.190710261464119},
		 {0.417661488056183, 0.394914865493774, 0.284542083740234, 0.096839256584644, -0.129346802830696, -0.339110523462296, -0.482535153627396, -0.533506095409393, -0.496787637472153},
		 {0.016564855352044, -0.126772254705429, -0.310519814491272, -0.496277064085007, -0.637630105018616, -0.698026895523071, -0.665509641170502, -0.556429088115692, -0.406626105308533},
		 {-0.269664883613586, -0.404503434896469, -0.521539449691772, -0.587537109851837, -0.580471038818359, -0.499706059694290, -0.366995722055435, -0.217453837394714, -0.085430026054382},
	 },
	 {
		 {-0.173307105898857, -0.282743602991104, -0.398850321769714, -0.499654471874237, -0.563306152820587, -0.575596392154694, -0.535027205944061, -0.452993899583817, -0.349130034446716},
		 {-0.448715358972549, -0.569607675075531, -0.658632218837738, -0.693216145038605, -0.662238478660584, -0.570878803730011, -0.439260274171829, -0.295345723628998, -0.165476486086845},
		 {-0.416056483983994, -0.436857819557190, -0.400496900081635, -0.305329263210297, -0.166585341095924, -0.012652380391955, 0.124323233962059, 0.219279780983925, 0.261557251214981},
		 {-0.005881710443646, 0.120247125625610, 0.285424113273621, 0.462965697050095, 0.617285966873169, 0.715322852134705, 0.737943768501282, 0.685993611812592, 0.578382432460785},
		 {0.463724046945572, 0.653052866458893, 0.828925311565399, 0.954410672187805, 1.000000000000000, 0.954410672187805, 0.828925311565399, 0.653052866458893, 0.463724046945572},
		 {0.578382432460785, 0.685993611812592, 0.737943768501282, 0.715322852134705, 0.617285966873169, 0.462965697050095, 0.285424113273621, 0.120247125625610, -0.005881710443646},
		 {0.261557251214981, 0.219279780983925, 0.124323233962059, -0.012652380391955, -0.166585341095924, -0.305329263210297, -0.400496900081635, -0.436857819557190, -0.416056483983994},
		 {-0.165476486086845, -0.295345723628998, -0.439260274171829, -0.570878803730011, -0.662238478660584, -0.693216145038605, -0.658632218837738, -0.569607675075531, -0.448715358972549},
		 {-0.349130034446716, -0.452993899583817, -0.535027205944061, -0.575596392154694, -0.563306152820587, -0.499654471874237, -0.398850321769714, -0.282743602991104, -0.173307105898857},
	 },
	 {
		 {-0.260641425848007, -0.351508557796478, -0.439500272274017, -0.510313451290131, -0.550933063030243, -0.553521335124969, -0.517878413200378, -0.451420426368713, -0.366714864969254},
		 {-0.455074012279511, -0.558669924736023, -0.639121413230896, -0.681098937988281, -0.675783276557922, -0.623817622661591, -0.535214483737946, -0.426215529441834, -0.314451187849045},
		 {-0.287795752286911, -0.307431131601334, -0.297326087951660, -0.255822181701660, -0.188929498195648, -0.108994804322720, -0.030984343960881, 0.032085549086332, 0.072658702731133},
		 {0.188046529889107, 0.294029504060745, 0.411245346069336, 0.522294104099274, 0.607576608657837, 0.650917470455170, 0.644565105438232, 0.591451704502106, 0.503810703754425},
		 {0.569357991218567, 0.728699207305908, 0.868870198726654, 0.965484499931335, 1.000000000000000, 0.965484499931335, 0.868870198726654, 0.728699207305908, 0.569357991218567},
		 {0.503810703754425, 0.591451704502106, 0.644565105438232, 0.650917470455170, 0.607576608657837, 0.522294104099274, 0.411245346069336, 0.294029504060745, 0.188046529889107},
		 {0.072658702731133, 0.032085549086332, -0.030984343960881, -0.108994804322720, -0.188929498195648, -0.255822181701660, -0.297326087951660, -0.307431131601334, -0.287795752286911},
		 {-0.314451187849045, -0.426215529441834, -0.535214483737946, -0.623817622661591, -0.675783276557922, -0.681098937988281, -0.639121413230896, -0.558669924736023, -0.455074012279511},
		 {-0.366714864969254, -0.451420426368713, -0.517878413200378, -0.553521335124969, -0.550933063030243, -0.510313451290131, -0.439500272274017, -0.351508557796478, -0.260641425848007},
	 },
	 {
		 {-0.331447958946228, -0.412493616342545, -0.482253819704056, -0.529652237892151, -0.546465218067169, -0.529652237892151, -0.482253849506378, -0.412493586540222, -0.331447929143906},
		 {-0.412493616342545, -0.513356566429138, -0.600174665451050, -0.659162938594818, -0.680087029933929, -0.659162938594818, -0.600174725055695, -0.513356685638428, -0.412493675947189},
		 {-0.119106858968735, -0.148230880498886, -0.173299461603165, -0.190332308411598, -0.196374103426933, -0.190332308411598, -0.173299536108971, -0.148231089115143, -0.119107022881508},
		 {0.366530805826187, 0.456154912710190, 0.533299088478088, 0.585714459419250, 0.604306995868683, 0.585714459419250, 0.533298969268799, 0.456154793500900, 0.366530686616898},
		 {0.606530666351318, 0.754839599132538, 0.882496893405914, 0.969233214855194, 1.000000000000000, 0.969233214855194, 0.882496893405914, 0.754839599132538, 0.606530666351318},
		 {0.366530686616898, 0.456154793500900, 0.533298969268799, 0.585714459419250, 0.604306995868683, 0.585714459419250, 0.533299088478088, 0.456154912710190, 0.366530805826187},
		 {-0.119107022881508, -0.148231089115143, -0.173299536108971, -0.190332308411598, -0.196374103426933, -0.190332308411598, -0.173299461603165, -0.148230880498886, -0.119106858968735},
		 {-0.412493675947189, -0.513356685638428, -0.600174725055695, -0.659162938594818, -0.680087029933929, -0.659162938594818, -0.600174665451050, -0.513356566429138, -0.412493616342545},
		 {-0.331447929143906, -0.412493586540222, -0.482253849506378, -0.529652237892151, -0.546465218067169, -0.529652237892151, -0.482253819704056, -0.412493616342545, -0.331447958946228},
	 },
	 {
		 {-0.366714835166931, -0.451420456171036, -0.517878413200378, -0.553521335124969, -0.550933063030243, -0.510313451290131, -0.439500272274017, -0.351508527994156, -0.260641425848007},
		 {-0.314451247453690, -0.426215529441834, -0.535214543342590, -0.623817622661591, -0.675783276557922, -0.681098937988281, -0.639121413230896, -0.558669924736023, -0.455074042081833},
		 {0.072658643126488, 0.032085474580526, -0.030984427779913, -0.108994804322720, -0.188929498195648, -0.255822181701660, -0.297326087951660, -0.307431042194366, -0.287795752286911},
		 {0.503810644149780, 0.591451644897461, 0.644565045833588, 0.650917410850525, 0.607576608657837, 0.522294104099274, 0.411245346069336, 0.294029504060745, 0.188046589493752},
		 {0.569358050823212, 0.728699207305908, 0.868870258331299, 0.965484499931335, 1.000000000000000, 0.965484499931335, 0.868870258331299, 0.728699207305908, 0.569358050823212},
		 {0.188046589493752, 0.294029504060745, 0.411245346069336, 0.522294104099274, 0.607576608657837, 0.650917410850525, 0.644565045833588, 0.591451644897461, 0.503810644149780},
		 {-0.287795752286911, -0.307431042194366, -0.297326087951660, -0.255822181701660, -0.188929498195648, -0.108994804322720, -0.030984427779913, 0.032085474580526, 0.072658643126488},
		 {-0.455074042081833, -0.558669924736023, -0.639121413230896, -0.681098937988281, -0.675783276557922, -0.623817622661591, -0.535214543342590, -0.426215529441834, -0.314451247453690},
		 {-0.260641425848007, -0.351508527994156, -0.439500272274017, -0.510313451290131, -0.550933063030243, -0.553521335124969, -0.517878413200378, -0.451420456171036, -0.366714835166931},
	 },
	 {
		 {-0.349130094051361, -0.452993899583817, -0.535027205944061, -0.575596392154694, -0.563306212425232, -0.499654471874237, -0.398850321769714, -0.282743602991104, -0.173307269811630},
		 {-0.165476575493813, -0.295345842838287, -0.439260274171829, -0.570878803730011, -0.662238478660584, -0.693216145038605, -0.658632159233093, -0.569607675075531, -0.448715358972549},
		 {0.261557191610336, 0.219279706478119, 0.124323152005672, -0.012652380391955, -0.166585341095924, -0.305329263210297, -0.400496751070023, -0.436857819557190, -0.416056483983994},
		 {0.578382372856140, 0.685993611812592, 0.737943768501282, 0.715322852134705, 0.617285966873169, 0.462965786457062, 0.285424113273621, 0.120247125625610, -0.005881647579372},
		 {0.463724106550217, 0.653052866458893, 0.828925311565399, 0.954410672187805, 1.000000000000000, 0.954410672187805, 0.828925311565399, 0.653052866458893, 0.463724106550217},
		 {-0.005881647579372, 0.120247125625610, 0.285424113273621, 0.462965786457062, 0.617285966873169, 0.715322852134705, 0.737943768501282, 0.685993611812592, 0.578382372856140},
		 {-0.416056483983994, -0.436857819557190, -0.400496751070023, -0.305329263210297, -0.166585341095924, -0.012652380391955, 0.124323152005672, 0.219279706478119, 0.261557191610336},
		 {-0.448715358972549, -0.569607675075531, -0.658632159233093, -0.693216145038605, -0.662238478660584, -0.570878803730011, -0.439260274171829, -0.295345842838287, -0.165476575493813},
		 {-0.173307269811630, -0.282743602991104, -0.398850321769714, -0.499654471874237, -0.563306212425232, -0.575596392154694, -0.535027205944061, -0.452993899583817, -0.349130094051361},
	 },
	 {
		 {-0.269664764404297, -0.404503315687180, -0.521539449691772, -0.587537109851837, -0.580471098423004, -0.499706059694290, -0.366995960474014, -0.217453837394714, -0.085430033504963},
		 {0.016565002501011, -0.126772120594978, -0.310519695281982, -0.496277034282684, -0.637630105018616, -0.698026895523071, -0.665509641170502, -0.556429028511047, -0.406626015901566},
		 {0.417661696672440, 0.394915014505386, 0.284542322158813, 0.096839442849159, -0.129346713423729, -0.339110374450684, -0.482535153627396, -0.533506095409393, -0.496787667274475},
		 {0.578022718429565, 0.729432582855225, 0.806998014450073, 0.776184797286987, 0.633136689662933, 0.409702897071838, 0.162153378129005, -0.051045890897512, -0.190710395574570},
		 {0.305867820978165, 0.535734713077545, 0.765357077121735, 0.936517834663391, 1.000000000000000, 0.936517834663391, 0.765357077121735, 0.535734713077545, 0.305867820978165},
		 {-0.190710395574570, -0.051045890897512, 0.162153378129005, 0.409702897071838, 0.633136689662933, 0.776184797286987, 0.806998014450073, 0.729432582855225, 0.578022718429565},
		 {-0.496787667274475, -0.533506095409393, -0.482535153627396, -0.339110374450684, -0.129346713423729, 0.096839442849159, 0.284542322158813, 0.394915014505386, 0.417661696672440},
		 {-0.406626015901566, -0.556429028511047, -0.665509641170502, -0.698026895523071, -0.637630105018616, -0.496277034282684, -0.310519695281982, -0.126772120594978, 0.016565002501011},
		 {-0.085430033504963, -0.217453837394714, -0.366995960474014, -0.499706059694290, -0.580471098423004, -0.587537109851837, -0.521539449691772, -0.404503315687180, -0.269664764404297},
	 },
	 {
		 {-0.133822798728943, -0.300442039966583, -0.466755360364914, -0.579593241214752, -0.597214281558990, -0.510458469390869, -0.348214060068130, -0.163342908024788, -0.007841235958040},
		 {0.202007219195366, 0.064512729644775, -0.151884675025940, -0.396971940994263, -0.599186599254608, -0.696679711341858, -0.665776133537292, -0.529829263687134, -0.344139099121094},
		 {0.513735830783844, 0.539023756980896, 0.439257413148880, 0.216375455260277, -0.077338404953480, -0.357535630464554, -0.544794738292694, -0.599083244800568, -0.532081067562103},
		 {0.502791464328766, 0.716854870319366, 0.846702218055725, 0.830734848976135, 0.654632270336151, 0.364117830991745, 0.046620767563581, -0.208480358123779, -0.347507566213608},
		 {0.118603952229023, 0.388290137052536, 0.682309031486511, 0.912613630294800, 1.000000000000000, 0.912613630294800, 0.682309031486511, 0.388290137052536, 0.118603952229023},
		 {-0.347507566213608, -0.208480358123779, 0.046620767563581, 0.364117830991745, 0.654632270336151, 0.830734848976135, 0.846702218055725, 0.716854870319366, 0.502791464328766},
		 {-0.532081067562103, -0.599083244800568, -0.544794738292694, -0.357535630464554, -0.077338404953480, 0.216375455260277, 0.439257413148880, 0.539023756980896, 0.513735830783844},
		 {-0.344139099121094, -0.529829263687134, -0.665776133537292, -0.696679711341858, -0.599186599254608, -0.396971940994263, -0.151884675025940, 0.064512729644775, 0.202007219195366},
		 {-0.007841235958040, -0.163342908024788, -0.348214060068130, -0.510458469390869, -0.597214281558990, -0.579593241214752, -0.466755360364914, -0.300442039966583, -0.133822798728943},
	 },
	 {
		 {0.035574160516262, -0.146742314100266, -0.364618808031082, -0.541858077049255, -0.606343388557434, -0.529862284660339, -0.344700664281845, -0.125015854835510, 0.053720954805613},
		 {0.355325967073441, 0.255675733089447, 0.028111837804317, -0.271990180015564, -0.543606877326965, -0.688842415809631, -0.664040207862854, -0.499315887689590, -0.275270104408264},
		 {0.532068729400635, 0.633604347705841, 0.576707243919373, 0.341497302055359, -0.010964868590236, -0.360877871513367, -0.589534342288971, -0.638518750667572, -0.530453979969025},
		 {0.365016669034958, 0.649693429470062, 0.854068875312805, 0.876353740692139, 0.681080400943756, 0.327465236186981, -0.057319626212120, -0.344438791275024, -0.465318113565445},
		 {-0.073634050786495, 0.224095910787582, 0.584915697574615, 0.883756935596466, 1.000000000000000, 0.883756935596466, 0.584915697574615, 0.224095910787582, -0.073634050786495},
		 {-0.465318113565445, -0.344438791275024, -0.057319626212120, 0.327465236186981, 0.681080400943756, 0.876353740692139, 0.854068875312805, 0.649693429470062, 0.365016669034958},
		 {-0.530453979969025, -0.638518750667572, -0.589534342288971, -0.360877871513367, -0.010964868590236, 0.341497302055359, 0.576707243919373, 0.633604347705841, 0.532068729400635},
		 {-0.275270104408264, -0.499315887689590, -0.664040207862854, -0.688842415809631, -0.543606877326965, -0.271990180015564, 0.028111837804317, 0.255675733089447, 0.355325967073441},
		 {0.053720954805613, -0.125015854835510, -0.344700664281845, -0.529862284660339, -0.606343388557434, -0.541858077049255, -0.364618808031082, -0.146742314100266, 0.035574160516262},
	 },
	 {
		 {0.201671078801155, 0.037286058068275, -0.216863796114922, -0.466219753026962, -0.599137902259827, -0.553747177124023, -0.356841892004013, -0.104844339191914, 0.097283609211445},
		 {0.444243103265762, 0.419635176658630, 0.215340569615364, -0.123416997492313, -0.467667281627655, -0.672735571861267, -0.663156211376190, -0.472368925809860, -0.210888847708702},
		 {0.469205528497696, 0.666139781475067, 0.685211658477783, 0.466475039720535, 0.068892925977707, -0.349192351102829, -0.619243144989014, -0.658371448516846, -0.503581345081329},
		 {0.186266869306564, 0.535459339618683, 0.828535914421082, 0.910753369331360, 0.711600005626678, 0.300667971372604, -0.147142037749290, -0.455220073461533, -0.541337251663208},
		 {-0.249487325549126, 0.056379489600658, 0.478775888681412, 0.851195454597473, 1.000000000000000, 0.851195454597473, 0.478775888681412, 0.056379489600658, -0.249487325549126},
		 {-0.541337251663208, -0.455220073461533, -0.147142037749290, 0.300667971372604, 0.711600005626678, 0.910753369331360, 0.828535914421082, 0.535459339618683, 0.186266869306564},
		 {-0.503581345081329, -0.658371448516846, -0.619243144989014, -0.349192351102829, 0.068892925977707, 0.466475039720535, 0.685211658477783, 0.666139781475067, 0.469205528497696},
		 {-0.210888847708702, -0.472368925809860, -0.663156211376190, -0.672735571861267, -0.467667281627655, -0.123416997492313, 0.215340569615364, 0.419635176658630, 0.444243103265762},
		 {0.097283609211445, -0.104844339191914, -0.356841892004013, -0.553747177124023, -0.599137902259827, -0.466219753026962, -0.216863796114922, 0.037286058068275, 0.201671078801155},
	 },
	 {
		 {0.323251128196716, 0.220972552895546, -0.035170212388039, -0.348798185586929, -0.566318333148956, -0.575769066810608, -0.383270680904388, -0.103790715336800, 0.122940249741077},
		 {0.449052870273590, 0.530547976493835, 0.391430854797363, 0.042898163199425, -0.368997097015381, -0.645320177078247, -0.664075136184692, -0.454195678234100, -0.158327132463455},
		 {0.336893677711487, 0.632204353809357, 0.754811763763428, 0.584612548351288, 0.160676077008247, -0.322293907403946, -0.636091530323029, -0.665451228618622, -0.463487207889557},
		 {-0.007684081792831, 0.386364370584488, 0.772041022777557, 0.932150900363922, 0.745134830474854, 0.284350812435150, -0.221476495265961, -0.540546536445618, -0.579393446445465},
		 {-0.393940448760986, -0.103459231555462, 0.369439572095871, 0.816296339035034, 1.000000000000000, 0.816296339035034, 0.369439572095871, -0.103459231555462, -0.393940448760986},
		 {-0.579393446445465, -0.540546536445618, -0.221476495265961, 0.284350812435150, 0.745134830474854, 0.932150900363922, 0.772041022777557, 0.386364370584488, -0.007684081792831},
		 {-0.463487207889557, -0.665451228618622, -0.636091530323029, -0.322293907403946, 0.160676077008247, 0.584612548351288, 0.754811763763428, 0.632204353809357, 0.336893677711487},
		 {-0.158327132463455, -0.454195678234100, -0.664075136184692, -0.645320177078247, -0.368997097015381, 0.042898163199425, 0.391430854797363, 0.530547976493835, 0.449052870273590},
		 {0.122940249741077, -0.103790715336800, -0.383270680904388, -0.575769066810608, -0.566318333148956, -0.348798185586929, -0.035170212388039, 0.220972552895546, 0.323251128196716},
	 },
	 {
		 {0.367879450321198, 0.368670821189880, 0.158896908164024, -0.192327305674553, -0.499629676342011, -0.587570667266846, -0.420679628849030, -0.121900655329227, 0.131380170583725},
		 {0.368670821189880, 0.569782853126526, 0.536412835121155, 0.217186391353607, -0.246953144669533, -0.602668404579163, -0.665804803371429, -0.447811126708984, -0.121900655329227},
